#rAB	S12	T12	V11B	V12A	(11,22)	(11,12)	(12,12)
0	1	0.5	-1	-1	0.625000	0.625000	0.625000
1	0.858385	0.306567	-0.729329	-0.735759	0.554521	0.507045	0.436651
1.5	0.725173	0.195239	-0.583688	-0.557826	0.490338	0.405369	0.296835
2	0.586453	0.112779	-0.472527	-0.406006	0.425974	0.308036	0.184156
2.5	0.458308	0.058144	-0.390567	-0.287298	0.368388	0.225595	0.106622
3	0.348509	0.024894	-0.330028	-0.199148	0.319804	0.160742	0.058508
3.5	0.259194	0.006289	-0.284542	-0.135888	0.279947	0.112156	0.030766
5	0.096577	-0.007848	-0.199945	-0.040428	0.199569	0.034953	0.003717
7	0.022189	-0.003805	-0.142856	-0.007295	0.142845	0.006538	0.000168
